id,prvi_skok,drugi_skok
4593,119.0,108.0
4592,126.0,117.0
4591,125.0,
4461,227.0,231.5
4459,216.5,224.0
4458,225.0,225.0
4456,133.0,125.0
4453,128.5,134.0
4451,136.0,136.0
4449,132.0,128.5
4446,117.0,125.5
4444,94.0,93.0
4402,126.0,121.5
4440,199.0,237.5
4439,219.5,216.0
4435,231.5,230.0
4437,127.0,143.0
4431,138.5,134.0
4430,124.5,133.5
4464,240.5,215.0
4422,129.0,131.0
4421,134.0,
4420,124.5,119.5
4419,125.0,
4418,126.5,125.0
4417,130.5,
4416,127.0,133.5
4415,131.5,
4414,123.0,129.0
4413,131.5,134.0
4412,128.0,
4406,92.5,99.0
4405,90.0,
4399,136.5,139.5
4324,122.5,120.5
4323,126.5,118.5
4193,223.5,229.0
4191,217.0,229.5
4189,128.5,128.5
4188,131.5,133.5
4187,129.5,135.0
4186,98.0,
4184,124.5,127.5
4124,129.5,119.5
4121,86.5,
4181,184.0,240.5
4180,218.5,225.0
4178,131.5,127.5
4177,137.5,132.5
4175,135.0,136.0
4173,137.5,135.5
4172,124.0,128.0
4171,128.0,122.5
4169,128.0,124.0
4166,131.0,
4164,176.5,213.5
4162,132.5,137.0
4161,135.5,
4160,128.5,132.0
4159,121.0,
4158,133.5,137.5
4157,135.0,
4156,137.5,123.0
4155,133.0,
4148,124.5,
4147,118.5,127.5
4145,145.0,131.5
4144,131.0,136.5
4142,133.5,134.5
4029,112.0,111.0
4028,125.5,125.5
3902,134.5,133.0
3900,128.5,135.5
3912,187.5,193.0
3898,125.0,127.0
3896,135.5,132.0
3894,123.0,123.0
3892,128.0,125.0
3889,133.0,130.5
3854,139.0,133.5
3852,101.5,100.0
3887,141.0,135.5
3886,142.0,140.0
3884,123.5,133.0
3883,132.5,129.0
3876,180.0,201.0
3875,196.0,197.0
3910,133.5,137.5
3909,132.0,
3908,126.0,
3907,114.5,
3906,135.0,133.0
3905,133.5,
3904,133.0,130.5
3903,135.0,
3870,139.5,137.5
3869,142.0,133.0
3867,134.5,135.0
3866,94.0,96.0
3865,94.5,
3863,133.0,132.0
3862,127.0,
3861,118.5,
3859,137.0,
3765,125.5,129.5
3764,128.5,124.0
3757,105.0,
3858,108.5,
3756,119.5,
3735,125.0,125.0
3736,112.0,
3796,96.0,
3851,104.0,
3625,207.0,217.5
3623,202.5,215.5
3622,217.0,
3620,128.5,127.0
3619,115.5,
3617,127.0,131.0
3616,131.0,
3615,127.5,121.0
3614,123.5,
3613,119.5,126.5
3611,112.0,
3651,125.0,125.0
3650,120.0,
3648,92.5,
3647,97.5,
3587,114.0,120.5
3586,127.5,123.5
3576,123.0,127.0
3575,129.0,
3571,118.5,
3570,115.5,
3569,123.5,
3568,123.0,
3566,113.5,
3565,124.5,130.0
3564,127.5,121.5
3563,119.0,
3560,98.5,92.0
3558,98.0,98.5
3557,97.0,
3556,131.5,134.0
3554,133.5,
3553,136.5,132.0
3552,94.5,95.0
3723,92.5,
3516,119.0,109.0
3515,124.5,126.0
3628,122.5,
3501,96.0,98.0
3627,101.5,
3530,118.0,
3532,109.5,
3334,183.0,186.5
3333,199.5,
3376,123.5,105.5
3375,124.5,
3374,128.0,120.5
3373,120.5,
3372,91.5,85.0
3370,84.5,
3331,180.5,172.5
3330,196.5,
3328,121.5,
3327,125.5,
3325,117.5,
3364,112.5,
3363,120.0,
3362,110.0,
3361,126.0,122.5
3360,111.0,
3353,103.0,
3351,118.0,
3350,118.0,
3324,122.0,126.0
3323,136.0,
3322,114.5,
3321,115.0,
3249,117.0,123.0
3257,96.5,
3295,106.0,
3236,126.5,118.5
3230,104.5,
3267,86.0,
3294,95.5,
3256,110.0,
3307,117.0,
3254,86.0,
3297,97.0,
3253,106.5,
3296,114.5,
3058,186.0,
3057,117.5,115.5
3055,118.0,
3053,125.5,114.5
3052,123.5,
3050,93.5,92.5
3049,92.0,
3047,177.5,190.5
3046,183.5,175.0
3045,211.5,
3063,180.5,178.5
3062,191.5,
3043,138.5,
3042,131.5,127.0
3040,134.0,
3018,121.0,124.5
3039,126.5,109.0
3038,123.0,122.0
3037,121.0,
3036,118.0,111.0
3035,115.5,109.0
3034,119.0,
3028,118.0,118.5
3027,122.0,
3026,127.0,
3025,128.0,
3024,114.0,123.0
3023,120.0,
3022,110.5,
3020,123.0,119.5
3019,126.0,
3017,118.0,
3016,132.5,
3015,125.5,118.5
3014,130.5,119.0
3013,120.0,
3012,114.0,121.0
3011,117.0,
3010,125.5,128.0
3008,129.5,
3075,123.0,
3074,114.0,
3182,119.5,
3181,104.5,
3101,104.5,
3005,92.5,
3180,114.5,
3108,96.0,98.0
3179,93.5,
2851,215.5,
2849,210.5,
2848,122.5,126.5
2847,126.0,
2846,123.5,129.5
2845,129.5,
2844,111.5,113.0
2842,119.0,121.5
2840,120.5,
2838,121.5,135.0
2837,142.5,
2836,99.0,100.5
2835,105.5,
2823,131.0,123.0
2822,135.5,112.5
2817,121.5,125.5
2816,129.0,
2815,122.0,117.0
2814,125.0,
2813,127.0,133.0
2812,127.5,
2811,115.5,123.0
2810,122.5,
2809,111.5,
3001,124.5,
2808,118.0,123.5
2807,127.5,
2805,125.5,124.5
2804,126.5,
2803,129.0,87.5
2802,109.0,
2800,127.0,138.0
2798,134.0,
2861,127.0,123.0
2860,123.5,127.5
2857,113.5,103.5
2855,122.5,
2854,99.5,103.0
2565,210.5,196.5
2563,170.5,
2586,198.5,
2641,199.5,180.5
2585,185.5,
2561,126.0,136.0
2584,125.5,
2560,124.5,117.0
2583,103.5,
2559,84.5,
2582,123.5,
2653,118.0,
2652,128.5,
2651,96.0,83.0
2650,91.0,
2569,122.5,122.5
2555,136.0,140.0
2581,121.5,
2785,122.0,
2551,129.5,125.0
2550,132.0,132.0
2580,139.5,
2545,129.5,127.5
2577,127.5,
2544,124.0,126.0
2576,120.5,
2543,125.0,122.5
2575,118.0,
2542,127.0,123.5
2574,127.0,
2541,123.5,123.5
2783,123.0,
2573,108.0,
2572,120.5,
2539,126.0,123.5
2538,128.0,
2780,127.0,
2537,127.5,
2536,127.0,
2534,91.0,
2566,123.5,
2604,123.0,120.5
2603,121.0,103.0
2663,125.5,123.0
2682,107.0,
2389,127.0,
2456,113.5,101.0
2522,110.5,
2407,104.5,
2405,119.5,
2492,174.5,
2488,127.0,
2499,120.5,121.5
2498,117.5,115.0
2374,102.5,
2373,112.5,115.0
2447,117.5,114.0
2446,119.5,
2478,125.0,121.0
2445,89.0,90.5
2380,86.5,85.5
2455,120.5,113.5
2454,124.0,123.0
2403,135.5,133.0
2472,128.5,129.5
2471,128.0,130.5
2376,120.5,121.5
2375,118.5,123.0
2108,196.5,
2107,188.0,187.5
2311,178.5,
2280,106.0,
2279,120.0,108.5
2169,99.0,
2168,111.0,120.0
2342,87.5,
2340,108.5,120.5
2201,136.5,132.5
2130,123.0,131.0
2198,125.0,119.5
2197,119.0,
2319,119.0,
2318,117.0,109.5
2192,128.0,
2159,93.0,
2190,117.5,
2188,116.5,
2296,122.5,116.5
2295,123.0,123.5
1972,190.0,189.5
1905,194.0,193.5
1987,121.5,122.0
1986,130.5,130.0
1882,126.0,122.0
1881,120.5,116.5
2021,120.0,128.5
2019,100.0,95.5
2058,121.0,122.5
1887,124.5,123.5
1886,114.0,107.5
1957,132.5,130.0
1956,128.0,123.5
2055,119.0,114.5
2054,119.5,125.5
1991,118.5,120.0
1949,119.0,
1948,116.0,
1981,121.5,121.0
1980,121.0,
1875,100.0,
2026,121.0,112.5
2025,111.5,113.0
1652,185.0,
1651,189.5,
1799,115.0,
1798,123.0,109.5
1725,119.0,107.5
1724,110.5,116.5
1736,119.0,
1734,93.5,90.0
1776,110.0,119.5
1632,99.0,118.0
1631,122.5,
1750,183.0,180.5
1749,169.5,
1762,119.5,135.0
1745,128.5,129.5
1744,113.0,114.5
1760,110.5,117.0
1759,121.0,123.0
1654,117.5,111.5
1653,127.0,132.0
1621,136.5,133.0
1620,133.5,135.0
1793,112.0,116.5
1792,125.5,122.5
1718,129.5,131.0
1726,132.5,129.0
1627,128.0,124.0
1626,131.5,129.5
1742,124.0,126.0
1771,121.5,123.0
1616,123.5,126.5
1694,121.5,122.5
1779,105.5,106.0
1385,114.5,
1384,133.0,117.5
1368,121.0,117.0
1367,123.0,118.0
1378,120.5,122.5
1407,170.5,
1342,125.5,125.0
1340,210.5,197.5
1351,125.5,127.5
1350,127.0,120.0
1349,78.0,
1439,126.5,129.0
1438,127.0,120.5
1333,116.0,117.5
1332,124.5,131.5
1356,119.5,124.5
1330,126.5,
1381,125.0,107.0
1363,107.0,
1362,130.5,110.0
1436,124.5,131.5
1460,118.5,
1425,123.5,114.5
1473,100.5,99.5
1219,,
1142,,
1165,,
1164,,
1163,,
1161,,
1159,,
1158,,
1157,,
1156,,
1155,,
1095,,
1094,,
1093,,
1168,128.0,122.0
1167,124.0,114.5
1152,,
1151,,
1150,,
1149,,
1148,,
1147,,
1146,,
1145,,
1218,,
1217,,
1154,122.0,99.5
1153,,
1269,109.5,
1197,,
1179,101.5,
1227,100.5,95.0
1078,107.0,103.5
1075,110.5,105.5
982,112.5,104.0
1070,,
1068,,
990,124.0,120.5
989,120.0,116.5
1016,127.5,127.5
1051,117.5,115.5
1050,110.0,112.5
1014,108.0,
1064,118.5,108.0
1063,121.5,118.5
1047,92.5,89.0
1012,115.5,120.5
1011,123.0,117.0
960,109.5,107.5
959,116.5,108.5
985,109.5,114.5
984,111.0,116.0
983,104.0,
971,99.0,
1005,96.0,96.0
120,,
223,105.5,
104,70.5,
174,,
146,187.0,195.5
145,176.0,167.5
1297,80.5,92.5
1295,111.5,102.5
141,129.0,129.0
140,121.0,131.0
169,125.5,120.0
168,129.5,113.5
162,120.5,123.5
218,107.5,119.5
113,173.0,170.0
112,,
206,,
202,,
136,,
138,,
182,,
181,117.0,
179,74.5,
164,,
163,,
161,,
160,,
200,,
178,,
132,,
26,,
62,,
56,,
1573,110.0,113.0
1540,83.5,94.0
37,,
84,,
99,,
19,,
18,,
46,,
44,,
43,,
55,,
54,,
83,,
82,,
15,,
9,,
79,,
78,,
81,,
95,,
94,,
71,,
70,,
715,,
714,,
713,,
712,,
711,,
710,,
709,,
708,,
684,,
683,,
705,,
703,,
700,,
699,,
702,,
701,,
698,,
697,,
696,,
695,,
694,,
693,,
707,,
706,,
692,,
691,,
690,,
689,,
688,,
687,,
740,,
739,,
738,,
737,,
736,,
735,,
734,,
733,,
732,,
731,,
316,,
730,,
726,,
725,,
723,,
722,,
721,,
720,,
719,,
718,,
717,,
716,,
766,,
765,,
764,,
763,,
762,,
760,,
759,,
757,,
758,,
756,,
754,,
753,,
749,,
748,,
747,,
746,,
745,,
744,,
743,,
742,,
741,,
791,,
789,,
788,,
329,162.0,179.0
1825,,
1321,158.0,163.0
785,,
784,,
781,,
780,,
779,,
778,,
777,,
838,,
837,,
328,,
1822,,
835,,
834,,
310,,
2087,,
832,,
831,,
828,,
827,,
826,,
825,,
824,,
823,,
822,,
821,,
820,,
819,,
681,,
679,,
678,,
677,,
676,,
308,,
307,,
672,,
671,,
670,,
669,,
668,,
665,,
664,,
663,,
667,,
666,,
653,,
651,,
1823,,
650,,
649,,
648,,
647,,
646,,
645,,
2089,,
2088,,
634,,
633,,
632,,
631,,
303,,
617,,
613,,
